tensor([[[[ 87,  73,  72, 102,  48],
          [ 91,  58,  68,  48,  51],
          [122, 115,  68,  54,  53],
          [ 86,  99,  91,  72,  48],
          [ 55, 119, 108,  59,  65]]],


        [[[ 11,  36,  92, 108,  99],
          [  4,  26,  64, 120, 134],
          [ 62,  90, 151, 155, 158],
          [ 59,  87, 109, 129, 119],
          [114, 143, 123,  96,  60]]],


        [[[111, 147, 139, 124,  95],
          [171, 238, 216, 229, 108],
          [172, 254, 222, 232, 107],
          [ 92, 130, 200, 142,  76],
          [  0,  18,  88,  97,  51]]],


        [[[134, 140, 122, 117,  94],
          [123,  80,  85,  61,  90],
          [ 61,  61,  30,  60,  36],
          [ 38,  50,  45,  63,  66],
          [ 45,  90,  50,  71,  58]]],


        [[[  8,  44,  22,   7,  59],
          [  0,  45,  48,  75, 109],
          [ 89, 107, 180, 189, 155],
          [154, 223, 197, 197,  96],
          [169, 202, 178, 143,  43]]],


        [[[112, 106, 144, 118,  95],
          [110, 100, 110, 105, 116],
          [108,  83,  99, 115,  97],
          [ 78,  37,  52,  50,  60],
          [ 24,  35,   7,  46,  40]]]], device='cuda:0', dtype=torch.int32)