tensor([[[[144, 150, 162, 145, 139],
          [131, 144, 125, 130, 156],
          [129, 151, 122, 125, 145],
          [140, 149, 136, 141, 138],
          [118, 136, 138, 127, 166]],

         [[150, 160, 169, 164, 125],
          [164, 146, 113, 147, 118],
          [141, 124, 146, 110, 126],
          [147, 121, 164, 156, 160],
          [144, 134, 118, 140, 114]],

         [[162, 162, 185, 169, 150],
          [136, 153, 159, 148, 109],
          [ 96,  34,  45,  80, 107],
          [207, 170, 113, 143, 123],
          [133, 179, 201, 189, 155]],

         [[123, 147, 129, 132, 143],
          [167, 135, 163, 166, 143],
          [146, 132, 136, 146, 138],
          [118, 113, 109, 123, 137],
          [136, 151, 145, 139, 159]],

         [[142, 165, 156, 138, 100],
          [103,  78, 106, 120,  81],
          [128, 126, 114, 115, 152],
          [165, 174, 173, 197, 178],
          [ 93, 137, 134, 150, 164]],

         [[159, 133, 135, 137, 140],
          [137, 165, 164, 163, 134],
          [111, 135, 119, 115, 116],
          [163, 108, 128, 136, 149],
          [162, 158, 144, 143, 142]]],


        [[[158, 136, 128, 117, 127],
          [136, 154, 143, 131, 129],
          [129, 138, 156, 123, 121],
          [148, 172, 171, 156, 129],
          [153, 151, 150, 138, 138]],

         [[128, 158, 186, 167, 116],
          [112, 167, 138, 103, 108],
          [155, 171, 135,  88, 111],
          [161, 154, 120,  99, 115],
          [130, 188, 146, 127, 119]],

         [[ 87, 132, 189, 192, 144],
          [ 84, 135, 150, 126,  80],
          [145, 179,  95,  29,  55],
          [147, 189, 161,  25,  61],
          [ 91, 208, 229, 111,  81]],

         [[168, 125, 128, 162, 172],
          [147, 124, 169, 177, 170],
          [145, 134, 150, 153, 127],
          [141, 135, 137, 136, 131],
          [125, 119, 120, 131, 133]],

         [[126, 131, 173, 123, 105],
          [140, 161, 112,  91, 115],
          [151, 163, 137,  65, 107],
          [121, 164, 165, 134, 113],
          [123, 169, 172, 136, 129]],

         [[141, 130, 160, 141, 167],
          [137, 115, 147, 179, 155],
          [145, 140, 132, 146, 152],
          [134, 141,  99, 121, 149],
          [147, 147, 141, 122, 133]]],


        [[[123, 138, 139, 151, 128],
          [141, 118, 161, 151, 157],
          [146, 116, 129, 138, 157],
          [142, 126, 138, 130, 143],
          [119, 144, 128, 148, 151]],

         [[135, 126, 151, 129, 160],
          [123, 190, 125, 116, 165],
          [179, 192,  89, 117, 151],
          [172, 153, 106, 115, 151],
          [145, 125, 102, 116, 149]],

         [[113, 179, 142,  71, 114],
          [ 79, 206, 190,  93, 162],
          [ 96, 222, 143,  92, 154],
          [144, 187, 116, 104, 179],
          [138, 133, 106, 100, 145]],

         [[136, 117, 143, 116, 141],
          [113, 116, 138, 134, 162],
          [120, 119, 165, 155, 143],
          [109, 127, 125, 143, 128],
          [137, 153, 149, 153, 156]],

         [[125, 158, 186, 129, 158],
          [115, 214, 171,  78, 174],
          [163, 201,  95,  85, 178],
          [176, 127,  88, 122, 176],
          [ 95, 136, 129, 144, 141]],

         [[126, 127, 116, 132, 151],
          [125, 122, 165, 171, 155],
          [136, 125, 140, 173, 157],
          [124, 134, 161, 139, 121],
          [147, 163, 154, 163, 128]]],


        ...,


        [[[142, 128, 119, 145, 125],
          [140, 129, 148, 124, 150],
          [131, 145, 162, 143, 135],
          [140, 138, 161, 138, 121],
          [150, 157, 120, 123, 149]],

         [[146, 120, 105, 135, 111],
          [156, 160, 149, 144, 141],
          [134, 156, 136, 133, 168],
          [111, 132, 133, 164, 141],
          [106, 131, 144, 128, 102]],

         [[110, 119, 100,  86,  92],
          [146, 112,  83,  88, 129],
          [185, 213, 213, 164, 172],
          [116, 163, 180, 163, 161],
          [ 86,  66, 122, 155, 125]],

         [[155, 148, 153, 134, 121],
          [154, 142, 115, 122, 126],
          [156, 153, 123, 149, 134],
          [157, 166, 123, 129, 130],
          [133, 134, 123, 143, 138]],

         [[140, 119,  76,  96, 103],
          [151, 187, 157, 180, 177],
          [157, 152, 143, 173, 165],
          [ 96,  80, 114, 130, 117],
          [113, 130, 144, 122, 102]],

         [[135, 130, 135, 148, 136],
          [129, 147, 112, 141, 111],
          [178, 138, 140, 153, 157],
          [150, 173, 149, 149, 139],
          [136, 132, 152, 154, 139]]],


        [[[139, 129, 161, 152, 139],
          [134, 148, 134, 124, 132],
          [132, 138, 146, 145, 155],
          [163, 136, 155, 158, 127],
          [134, 120, 135, 136, 133]],

         [[116, 159, 177,  98, 135],
          [160, 180, 102, 118, 135],
          [151, 102, 135, 171, 176],
          [ 97, 119, 133, 141, 124],
          [108, 148, 165, 154, 131]],

         [[ 97, 141, 215, 163,  68],
          [138, 210, 183,  79,  93],
          [183, 149,  80,  92, 177],
          [167, 101,  83, 140, 179],
          [102, 130, 168, 160, 129]],

         [[135, 117, 144, 137, 160],
          [118, 118, 158, 145, 113],
          [154, 166, 167, 132, 136],
          [133, 160, 138, 120, 129],
          [136, 111, 140, 127, 131]],

         [[111, 212, 201,  66,  72],
          [181, 193,  56,  81, 150],
          [181,  69,  76, 151, 168],
          [ 89, 129, 182, 167, 130],
          [141, 142, 184, 126, 132]],

         [[107, 121, 115, 135, 139],
          [138, 127, 150, 128, 127],
          [155, 154, 157, 123, 153],
          [163, 152, 141, 150, 163],
          [146, 132, 148, 162, 131]]],


        [[[140, 156, 151, 127, 141],
          [143, 145, 136, 140, 130],
          [133, 111, 126, 152, 141],
          [129, 124, 137, 116, 123],
          [159, 134, 137, 138, 132]],

         [[148, 118, 118, 128, 130],
          [105, 128, 165, 165, 170],
          [151, 169, 164, 133, 137],
          [159, 129, 120, 120, 120],
          [136, 118, 143, 145, 159]],

         [[136, 142, 154, 140, 107],
          [130,  96,  97, 139, 131],
          [124, 162, 205, 188, 208],
          [161, 192, 145, 109, 133],
          [127,  97,  49,  71, 109]],

         [[127, 131, 137, 118, 136],
          [119, 121, 152, 146, 113],
          [123, 102, 142, 131, 148],
          [120, 141, 193, 189, 174],
          [131, 177, 155, 132, 137]],

         [[141, 120,  91, 131, 118],
          [ 99,  92, 164, 168, 174],
          [157, 221, 198, 170, 138],
          [186,  97,  39,  70, 107],
          [117, 129, 169, 202, 165]],

         [[137, 138, 116, 142, 111],
          [132, 123, 114, 137, 151],
          [122, 145, 172, 165, 147],
          [147, 166, 189, 166, 151],
          [154, 129, 126,  92, 125]]]], device='cuda:0', dtype=torch.int32)