tensor([[[[ 89, 126, 112, 110,  91],
          [114,  85, 141, 114, 141],
          [153, 110, 146, 130, 148],
          [104, 120, 109, 111, 146],
          [148, 124,  75,  98, 158]],

         [[ 99,  96,  82, 113, 125],
          [154,  96, 105,  96, 170],
          [124, 140, 128,  80, 121],
          [143,  95, 110, 133, 121],
          [139, 154, 123, 117, 141]],

         [[116, 154, 131, 162,  94],
          [125, 145, 131, 135, 145],
          [130, 148,  85, 156, 130],
          [141, 118, 157, 104,  99],
          [160, 123, 135, 124, 128]],

         ...,

         [[149, 134,  92,  93, 134],
          [ 91,  76, 125,  87, 145],
          [116,  99, 165,  91, 105],
          [ 89, 131, 129,  85, 115],
          [ 99, 126, 127, 134, 153]],

         [[143, 152, 101, 125, 138],
          [121, 150, 158, 125, 151],
          [136, 110,  96, 132, 144],
          [140, 115, 155, 155, 143],
          [112, 156,  88, 116, 115]],

         [[107, 113,  52,  97, 140],
          [ 94, 134, 111, 137, 166],
          [ 96, 133, 148, 103, 129],
          [ 94, 152, 100, 135, 105],
          [127, 140,  93, 114,  95]]],


        [[[147, 157, 148, 114, 132],
          [154, 111,  90,  90,  93],
          [ 69,  93, 122,  62, 122],
          [101, 159, 117, 154, 116],
          [196, 154, 115, 133, 102]],

         [[110, 102, 142, 164, 142],
          [108, 111, 138, 114, 138],
          [132,  96, 107, 138, 142],
          [132, 130, 116,  94, 138],
          [ 87, 146, 158, 176, 140]],

         [[119,  95, 117, 126, 113],
          [119, 127,  92, 145, 172],
          [100, 151, 117, 135, 156],
          [ 70,  65,  53, 156, 158],
          [ 69, 105, 109, 142, 108]],

         ...,

         [[109, 145, 183, 127, 143],
          [158, 103, 170, 125, 117],
          [ 78, 124,  69, 117,  41],
          [ 91, 140, 156,  99,  96],
          [117, 113, 135, 116, 106]],

         [[154, 118,  99,  85, 134],
          [107, 131, 153, 119, 102],
          [ 98, 124, 153, 171, 109],
          [140,  98, 125, 141, 166],
          [110,  89, 105, 146, 125]],

         [[108, 224, 184, 130,  95],
          [129, 195, 115, 117,  68],
          [114, 117, 119, 182,  76],
          [107, 134, 102, 128,  94],
          [114,  85,  97, 145, 134]]],


        [[[153, 133, 118,  92, 131],
          [ 95, 126, 139,  95,  86],
          [150, 147, 110,  95, 112],
          [158,  96, 120, 118, 134],
          [ 82, 129, 198, 130, 160]],

         [[130, 178, 148, 121,  98],
          [121, 132, 153, 132,  83],
          [ 85,  97, 116, 146, 108],
          [134, 156, 134, 166, 154],
          [136, 135,  48,  85, 117]],

         [[130, 121, 177, 141, 130],
          [143,  86, 130, 136, 118],
          [163,  49, 157, 153, 121],
          [179, 206, 190, 122, 112],
          [168, 130, 139,  95, 149]],

         ...,

         [[112,  89, 119, 118, 128],
          [109, 138, 119, 104,  85],
          [170, 101, 132, 107, 194],
          [182, 145, 147, 100, 176],
          [150,  89, 133,  94, 157]],

         [[169, 146, 138, 112, 170],
          [139,  83, 148,  88, 136],
          [ 87, 160,  83,  66, 142],
          [103, 135, 170,  90,  70],
          [144, 161,  84, 118, 105]],

         [[153,  84, 149, 119, 114],
          [160,  49, 153,  71, 139],
          [121, 185,  85, 117, 153],
          [101, 130, 101,  91, 135],
          [106, 146, 135,  98, 146]]],


        ...,


        [[[112, 136, 131, 117, 189],
          [137, 151,  64, 111, 126],
          [ 75, 145, 140,  81, 155],
          [142, 157, 144, 124, 132],
          [145, 165,  72,  75, 123]],

         [[ 81,  48,  87, 112, 146],
          [123, 125,  97,  91, 124],
          [102,  98, 183, 134, 148],
          [137,  77, 193, 145, 124],
          [160, 150, 182, 105, 174]],

         [[152, 111, 149, 103, 150],
          [122, 123,  93,  98, 112],
          [ 69, 162,  80,  97, 139],
          [114,  98, 114, 112, 111],
          [122, 119, 117, 139, 112]],

         ...,

         [[108, 129, 121, 137, 148],
          [148, 133,  99,  98, 136],
          [ 79, 153, 110,  97, 117],
          [ 94, 108, 131, 149, 142],
          [134, 125, 179, 163, 105]],

         [[136, 105, 135, 131, 165],
          [103, 170,  91,  80, 156],
          [112,  52,  95, 105,  83],
          [107, 104, 106, 155,  92],
          [184, 116, 140, 150, 169]],

         [[106, 147, 151, 143, 170],
          [148, 156, 104, 163, 169],
          [112, 125, 150, 129, 122],
          [143, 144, 141, 118, 120],
          [126, 132, 121,  84, 103]]],


        [[[114, 110,  94,  87, 127],
          [151, 145, 197, 133, 146],
          [120, 146, 144, 165, 118],
          [116, 129,  94, 131, 138],
          [116, 124, 134, 158, 102]],

         [[105, 130,  95, 128, 125],
          [160, 139, 135,  81, 140],
          [101,  58, 155, 132, 134],
          [106, 163, 111, 123, 159],
          [120,  75,  67, 106,  96]],

         [[165, 206, 194, 149, 156],
          [151, 196, 170,  91, 105],
          [151, 138, 123,  98, 106],
          [193, 194, 174, 129,  87],
          [173, 131,  96, 108, 112]],

         ...,

         [[ 82, 130,  87,  65,  54],
          [ 81,  90, 108,  74, 152],
          [155, 128, 131, 133, 165],
          [152,  88, 125, 112, 122],
          [103,  81, 130,  93, 156]],

         [[ 93, 155, 132, 154, 176],
          [118, 150, 110, 164, 131],
          [119, 121,  90, 120,  78],
          [140,  93, 163, 119, 106],
          [ 91, 121, 119, 127,  98]],

         [[ 94,  10,  22, 140, 178],
          [ 92,  93, 156, 129, 118],
          [152,  96, 155,  54, 130],
          [133, 101, 113, 150, 147],
          [139, 185, 112, 128, 118]]],


        [[[103, 147, 150, 105,  92],
          [107, 117, 124, 170, 146],
          [118,  93, 132, 143, 101],
          [162, 148, 143, 109, 107],
          [115,  92,  96,  96,  95]],

         [[148, 144,  98, 117, 122],
          [163, 112, 156, 140,  83],
          [121, 175, 135, 135, 103],
          [ 93, 126, 144, 151, 157],
          [144,  93,  73, 110, 132]],

         [[112, 141, 106,  93, 155],
          [128,  77,  95, 149, 163],
          [142,  88,  80,  92, 124],
          [137, 129, 153,  87, 143],
          [138,  92, 145, 140, 115]],

         ...,

         [[152, 147, 149, 148, 106],
          [130, 102, 100, 143, 134],
          [143,  90, 134, 135, 139],
          [115,  88,  90, 102, 112],
          [ 88,  91, 105,  99, 103]],

         [[156,  97,  94,  85, 155],
          [ 93, 117, 158, 148, 142],
          [100, 141, 109, 145, 147],
          [126, 110, 139, 112, 156],
          [158, 139,  87, 102, 141]],

         [[110, 160, 145, 148,  93],
          [138, 141, 136, 158, 178],
          [134, 121, 107, 151, 130],
          [125, 134, 106, 119,  86],
          [120,  96,  89, 116,  82]]]], device='cuda:0', dtype=torch.int32)